x,y_interpolated
2460163.771,1.0302853
2460163.772,1.03207105
2460163.772,1.033328212
2460163.772,1.034496033
2460163.772,1.036013749
2460163.772,1.038233597
2460163.772,1.040685451
2460163.773,1.042446596
2460163.773,1.042589589
2460163.773,1.040238157
2460163.773,1.035753663
2460163.773,1.03077017
2460163.773,1.026979902
2460163.774,1.026065085
2460163.774,1.028546688
2460163.774,1.032713661
2460163.774,1.036601736
2460163.774,1.038246682
2460163.774,1.036327402
2460163.775,1.031981477
2460163.775,1.02693385
2460163.775,1.022909504
2460163.775,1.021436007
2460163.775,1.02244959
2460163.775,1.025117942
2460163.776,1.028603767
2460163.776,1.032091645
2460163.776,1.035208109
2460163.776,1.037989888
2460163.776,1.040489252
2460163.776,1.042757149
2460163.777,1.044721316
2460163.777,1.046089063
2460163.777,1.046544814
2460163.777,1.045773006
2460163.777,1.043652973
2460163.777,1.040758684
2460163.778,1.037818764
2460163.778,1.035561866
2460163.778,1.034602738
2460163.778,1.034703539
2460163.778,1.035240023
2460163.778,1.035586025
2460163.779,1.035146619
2460163.779,1.033878056
2460163.779,1.032208277
2460163.779,1.030580441
2460163.779,1.029435071
2460163.779,1.029033197
2460163.78,1.029344092
2460163.78,1.030310281
2460163.78,1.031874273
2460163.78,1.033896702
2460163.78,1.035973378
2460163.78,1.03764668
2460163.781,1.03845897
2460163.781,1.038048412
2460163.781,1.036702461
2460163.781,1.034978071
2460163.781,1.033433084
2460163.781,1.032591273
2460163.782,1.032433477
2460163.782,1.032504919
2460163.782,1.032338544
2460163.782,1.031475979
2460163.782,1.029917792
2460163.782,1.028342418
2460163.783,1.027482857
2460163.783,1.028071686
2460163.783,1.03043046
2460163.783,1.033698633
2460163.783,1.036804481
2460163.783,1.038676255
2460163.784,1.038450448
2460163.784,1.036479248
2460163.784,1.033554727
2460163.784,1.030469581
2460163.784,1.027979335
2460163.784,1.026358529
2460163.785,1.025546538
2460163.785,1.025475912
2460163.785,1.026073967
2460163.785,1.027069859
2460163.785,1.027938356
2460163.785,1.028137526
2460163.786,1.027126446
2460163.786,1.024772587
2460163.786,1.021976861
2460163.786,1.019801126
2460163.786,1.01930727
2460163.786,1.021259191
2460163.786,1.02488588
2460163.787,1.028923553
2460163.787,1.032108168
2460163.787,1.03327442
2460163.787,1.032357275
2460163.787,1.029979615
2460163.787,1.02677486
2460163.788,1.023369549
2460163.788,1.020179739
2460163.788,1.017376573
2460163.788,1.015117421
2460163.788,1.013559221
2460163.788,1.01277229
2460163.789,1.012633879
2460163.789,1.012995159
2460163.789,1.013707299
2460163.789,1.014642185
2460163.789,1.015762454
2460163.789,1.017055595
2460163.79,1.018509088
2460163.79,1.020102146
2460163.79,1.021735053
2460163.79,1.023264256
2460163.79,1.024545733
2460163.79,1.025440835
2460163.791,1.0259448
2460163.791,1.026192933
2460163.791,1.02632713
2460163.791,1.026488474
2460163.791,1.02670384
2460163.791,1.0267694
2460163.792,1.026453543
2460163.792,1.025524653
2460163.792,1.023875272
2460163.792,1.021891875
2460163.792,1.02008373
2460163.792,1.018960121
2460163.793,1.018939251
2460163.793,1.019692732
2460163.793,1.020526466
2460163.793,1.02074385
2460163.793,1.019694707
2460163.793,1.017708947
2460163.794,1.016050159
2460163.794,1.016019066
2460163.794,1.018901839
2460163.794,1.024719505
2460163.794,1.031265639
2460163.794,1.036107344
2460163.795,1.036811676
2460163.795,1.031921566
2460163.795,1.02360721
2460163.795,1.014881302
2460163.795,1.008756608
2460163.795,1.00780446
2460163.796,1.011133109
2460163.796,1.016216466
2460163.796,1.020518773
2460163.796,1.0216256
2460163.796,1.0194143
2460163.796,1.015807558
2460163.797,1.012799845
2460163.797,1.012368823
2460163.797,1.01516783
2460163.797,1.019590494
2460163.797,1.02380973
2460163.797,1.025998546
2460163.798,1.025024664
2460163.798,1.022071007
2460163.798,1.018802171
2460163.798,1.016882774
2460163.798,1.017675199
2460163.798,1.020442876
2460163.799,1.023558698
2460163.799,1.025392323
2460163.799,1.024416881
2460163.799,1.020781013
2460163.799,1.015991718
2460163.799,1.011595143
2460163.8,1.009120192
2460163.8,1.009134992
2460163.8,1.010758099
2460163.8,1.012987925
2460163.8,1.014823118
2460163.8,1.015527661
2460163.801,1.015135276
2460163.801,1.013818459
2460163.801,1.011749711
2460163.801,1.009158949
2460163.801,1.006613371
2460163.801,1.004802992
2460163.802,1.004417993
2460163.802,1.00607495
2460163.802,1.009414321
2460163.802,1.01338444
2460163.802,1.016918941
2460163.802,1.018970069
2460163.803,1.019237654
2460163.803,1.01840764
2460163.803,1.017233389
2460163.803,1.016467319
2460163.803,1.016474815
2460163.803,1.016640663
2460163.804,1.016196699
2460163.804,1.014374753
2460163.804,1.01068349
2460163.804,1.006044273
2460163.804,1.001828008
2460163.804,0.9994057854
2460163.805,1.000005419
2460163.805,1.003267877
2460163.805,1.007846417
2460163.805,1.012379374
2460163.805,1.015532607
2460163.805,1.016835119
2460163.806,1.016831103
2460163.806,1.016122884
2460163.806,1.015311805
2460163.806,1.014786686
2460163.806,1.014460099
2460163.806,1.014179858
2460163.806,1.013793775
2460163.807,1.013195038
2460163.807,1.012480392
2460163.807,1.011803646
2460163.807,1.011318613
2460163.807,1.011146555
2460163.807,1.011103392
2460163.808,1.010837958
2460163.808,1.009997389
2460163.808,1.00825281
2460163.808,1.00586029
2460163.808,1.003679788
2460163.808,1.002599031
2460163.809,1.003500106
2460163.809,1.006543535
2460163.809,1.010468322
2460163.809,1.013847261
2460163.809,1.015253153
2460163.809,1.013786796
2460163.81,1.010679899
2460163.81,1.007701697
2460163.81,1.006621427
2460163.81,1.008922401
2460163.81,1.013678052
2460163.81,1.018753521
2460163.811,1.022004889
2460163.811,1.021387564
2460163.811,1.016923805
2460163.811,1.010589
2460163.811,1.00443499
2460163.811,1.000502269
2460163.812,0.9997545482
2460163.812,1.001210292
2460163.812,1.00368359
2460163.812,1.005988533
2460163.812,1.007270322
2460163.812,1.007875168
2460163.813,1.008421487
2460163.813,1.009527693
2460163.813,1.011686042
2460163.813,1.014424645
2460163.813,1.016826786
2460163.813,1.017973364
2460163.814,1.016999054
2460163.814,1.014048884
2460163.814,1.010166539
2460163.814,1.006426995
2460163.814,1.003898255
2460163.814,1.003099525
2460163.815,1.003616218
2460163.815,1.004942852
2460163.815,1.006573951
2460163.815,1.008058101
2460163.815,1.009124397
2460163.815,1.009539543
2460163.816,1.009070249
2460163.816,1.007582915
2460163.816,1.005622919
2460163.816,1.004018706
2460163.816,1.003599655
2460163.816,1.005135973
2460163.817,1.008415847
2460163.817,1.01241881
2460163.817,1.016100348
2460163.817,1.018426172
2460163.817,1.018980047
2460163.817,1.018305042
2460163.818,1.017026899
2460163.818,1.015771271
2460163.818,1.014992927
2460163.818,1.014623352
2460163.818,1.01449422
2460163.818,1.014437199
2460163.819,1.014323519
2460163.819,1.014272164
2460163.819,1.01449782
2460163.819,1.015215375
2460163.819,1.016602765
2460163.819,1.018306595
2460163.82,1.019575262
2460163.82,1.019647537
2460163.82,1.017778686
2460163.82,1.013984796
2460163.82,1.009345104
2460163.82,1.005018004
2460163.821,1.002161176
2460163.821,1.001494909
2460163.821,1.0025566
2460163.821,1.004685655
2460163.821,1.007221468
2460163.821,1.009550744
2460163.822,1.011320896
2460163.822,1.012268712
2460163.822,1.012131061
2460163.822,1.010689505
2460163.822,1.008267489
2460163.822,1.005548969
2460163.823,1.003224392
2460163.823,1.001973269
2460163.823,1.002084862
2460163.823,1.003361339
2460163.823,1.005574241
2460163.823,1.008494544
2460163.824,1.011716113
2460163.824,1.014404586
2460163.824,1.01566212
2460163.824,1.014590889
2460163.824,1.010668812
2460163.824,1.005188322
2460163.825,0.999988852
2460163.825,0.9969099486
2460163.825,0.9975756303
2460163.825,1.001356045
2460163.825,1.006278254
2460163.825,1.010351482
2460163.826,1.011645436
2460163.826,1.009913039
2460163.826,1.006769918
2460163.826,1.003928271
2460163.826,1.003094705
2460163.826,1.00497635
2460163.826,1.008135065
2460163.827,1.010855103
2460163.827,1.011420723
2460163.827,1.008717001
2460163.827,1.004212492
2460163.827,1.000070026
2460163.827,0.9984524387
2460163.828,1.001205497
2460163.828,1.007226457
2460163.828,1.013810362
2460163.828,1.018236352
2460163.828,1.017887689
2460163.828,1.01270595
2460163.829,1.005284313
2460163.829,0.9983388762
2460163.829,0.9945752855
2460163.829,0.9953287648
2460163.829,0.9992132255
2460163.829,1.004521405
2460163.83,1.009546026
2460163.83,1.012892112
2460163.83,1.014411616
2460163.83,1.014267731
2460163.83,1.012623656
2460163.83,1.009693424
2460163.831,1.006119011
2460163.831,1.002756673
2460163.831,1.000464236
2460163.831,1.000055291
2460163.831,1.001409369
2460163.831,1.003516382
2460163.832,1.005330859
2460163.832,1.005815177
2460163.832,1.004672293
2460163.832,1.002943054
2460163.832,1.001808888
2460163.832,1.002451199
2460163.833,1.005555285
2460163.833,1.010014432
2460163.833,1.014317448
2460163.833,1.01695314
2460163.833,1.016656724
2460163.833,1.0140225
2460163.834,1.010493209
2460163.834,1.007515894
2460163.834,1.006465022
2460163.834,1.007394497
2460163.834,1.009206854
2460163.834,1.010766038
2460163.835,1.010947675
2460163.835,1.009445309
2460163.835,1.007292648
2460163.835,1.005647598
2460163.835,1.005667893
2460163.835,1.008017514
2460163.836,1.011778938
2460163.836,1.015718655
2460163.836,1.018603147
2460163.836,1.019401307
2460163.836,1.018453768
2460163.836,1.01667065
2460163.837,1.014963901
2460163.837,1.014186965
2460163.837,1.014282389
2460163.837,1.014473022
2460163.837,1.013962099
2460163.837,1.011966262
2460163.838,1.008408927
2460163.838,1.004256198
2460163.838,1.000558006
2460163.838,0.9983638596
2460163.838,0.9983143208
2460163.838,0.9998763918
2460163.839,1.002307844
2460163.839,1.004866444
2460163.839,1.006895543
2460163.839,1.008246959
2460163.839,1.008959603
2460163.839,1.009072687
2460163.84,1.008649157
2460163.84,1.008066887
2460163.84,1.007927055
2460163.84,1.008835587
2460163.84,1.011379262
2460163.84,1.015343146
2460163.841,1.019436299
2460163.841,1.022292242
2460163.841,1.022546168
2460163.841,1.019637968
2460163.841,1.015103534
2460163.841,1.010815703
2460163.842,1.008647313
2460163.842,1.010015393
2460163.842,1.013895719
2460163.842,1.018450128
2460163.842,1.021839937
2460163.842,1.02238088
2460163.843,1.020199965
2460163.843,1.016600193
2460163.843,1.012904522
2460163.843,1.010415949
2460163.843,1.009757327
2460163.843,1.010719678
2460163.844,1.013043349
2460163.844,1.016467901
2460163.844,1.020529628
2460163.844,1.024289973
2460163.844,1.026742714
2460163.844,1.026881634
2460163.845,1.024038323
2460163.845,1.019170212
2460163.845,1.013723279
2460163.845,1.009143546
2460163.845,1.006751925
2460163.845,1.006534052
2460163.846,1.007667753
2460163.846,1.009319608
2460163.846,1.010672679
2460163.846,1.01138868
2460163.846,1.011670814
2460163.846,1.011751389
2460163.847,1.011862166
2460163.847,1.012136708
2460163.847,1.012497698
2460163.847,1.012840518
2460163.847,1.013060549
2460163.847,1.013082507
2460163.847,1.012958924
2460163.848,1.012777149
2460163.848,1.012624525
2460163.848,1.012589203
2460163.848,1.012767709
2460163.848,1.013261539
2460163.848,1.014172248
2460163.849,1.015592865
2460163.849,1.017414155
2460163.849,1.019321151
2460163.849,1.020989643
2460163.849,1.022096272
2460163.849,1.022418778
2460163.85,1.021930463
2460163.85,1.020626993
2460163.85,1.018504043
2460163.85,1.015599735
2460163.85,1.012111784
2460163.85,1.008275364
2460163.851,1.004325616
2460163.851,1.000518831
2460163.851,0.997278283
2460163.851,0.9951065614
2460163.851,0.9945067658
2460163.851,0.9959524702
2460163.852,0.9993343789
2460163.852,1.004009208
2460163.852,1.009313922
2460163.852,1.014560686
2460163.852,1.018881942
2460163.852,1.022154895
2460163.853,1.024466366
2460163.853,1.025903174
2460163.853,1.026552149
2460163.853,1.026500109
2460163.853,1.025833876
2460163.853,1.024640271
2460163.854,1.023006114
2460163.854,1.021018235
2460163.854,1.018763443
2460163.854,1.016328566
2460163.854,1.013800426
2460163.854,1.011265852
2460163.855,1.00881165
2460163.855,1.006524651
2460163.855,1.004491681
2460163.855,1.002790383
2460163.855,1.001429436
2460163.855,1.000388082
2460163.856,0.9996454918
2460163.856,0.9991808424
2460163.856,0.9989733088
2460163.856,0.9990020656
2460163.856,0.9992462876
2460163.856,0.99968515
2460163.857,1.000297826
2460163.857,1.001063493
2460163.857,1.001961325
2460163.857,1.002970497
2460163.857,1.00407018
2460163.857,1.005239555
2460163.858,1.006457795
2460163.858,1.00770407
2460163.858,1.008957563
2460163.858,1.010198836
2460163.858,1.011405661
2460163.858,1.012437424
2460163.859,1.013122323
2460163.859,1.01328856
2460163.859,1.012825416
2460163.859,1.011894686
2460163.859,1.010734109
2460163.859,1.009581428
2460163.86,1.008662109
2460163.86,1.008080838
2460163.86,1.00787361
2460163.86,1.008075626
2460163.86,1.00872147
2460163.86,1.00983398
2460163.861,1.011425904
2460163.861,1.013509723
2460163.861,1.016096514
2460163.861,1.018999041
2460163.861,1.021627604
2460163.861,1.023343716
2460163.862,1.023508899
2460163.862,1.021718084
2460163.862,1.018512096
2460163.862,1.014671363
2460163.862,1.010976321
2460163.862,1.008131126
2460163.863,1.006199822
2460163.863,1.004926551
2460163.863,1.004053091
2460163.863,1.003336326
2460163.863,1.002856656
2460163.863,1.003005102
2460163.864,1.004185223
2460163.864,1.006795623
2460163.864,1.010730878
2460163.864,1.014954399
2460163.864,1.01832894
2460163.864,1.019717271
2460163.865,1.018354708
2460163.865,1.014859151
2460163.865,1.010169175
2460163.865,1.005223369
2460163.865,1.000917983
2460163.865,0.9978169585
2460163.866,0.9963271691
2460163.866,0.9968545531
2460163.866,0.9997517549
2460163.866,1.004328161
2460163.866,1.008942277
2460163.866,1.011917875
2460163.867,1.011594905
2460163.867,1.00760784
2460163.867,1.00180816
2460163.867,0.9962650221
2460163.867,0.993047461
2460163.867,0.9935046991
2460163.867,0.9965608798
2460163.868,1.000629966
2460163.868,1.00412591
2460163.868,1.00568851
2460163.868,1.005540707
2460163.868,1.004582826
2460163.868,1.003717757
2460163.869,1.003800778
2460163.869,1.004896862
2460163.869,1.006420034
2460163.869,1.007764935
2460163.869,1.008331869
2460163.869,1.007869044
2460163.87,1.006667982
2460163.87,1.005067424
2460163.87,1.003406098
2460163.87,1.001997047
2460163.87,1.001074175
2460163.87,1.000856211
2460163.871,1.001561878
2460163.871,1.003332742
2460163.871,1.005828964
2460163.871,1.008525397
2460163.871,1.010896499
2460163.871,1.012444525
2460163.872,1.013064603
2460163.872,1.012943099
2460163.872,1.012273244
2460163.872,1.011250234
2460163.872,1.010160811
2460163.872,1.009420355
2460163.873,1.009453911
2460163.873,1.010685956
2460163.873,1.013199395
2460163.873,1.016156917
2460163.873,1.018567802
2460163.873,1.019441334
2460163.874,1.017982668
2460163.874,1.01480091
2460163.874,1.011117762
2460163.874,1.008157483
2460163.874,1.007092113
2460163.874,1.007892147
2460163.875,1.009326063
2460163.875,1.010110072
2460163.875,1.008968876
2460163.875,1.005539168
2460163.875,1.001168871
2460163.875,0.9973944395
2460163.876,0.9957523145
2460163.876,0.9972767944
2460163.876,1.001123506
2460163.876,1.006008782
2460163.876,1.010648943
2460163.876,1.013879049
2460163.877,1.015466768
2460163.877,1.015620495
2460163.877,1.014551244
2460163.877,1.012479525
2460163.877,1.0098073
2460163.877,1.007099422
2460163.878,1.004926503
2460163.878,1.003853724
2460163.878,1.004023961
2460163.878,1.004864122
2460163.878,1.005731746
2460163.878,1.005984411
2460163.879,1.005220748
2460163.879,1.003847248
2460163.879,1.002439459
2460163.879,1.001572933
2460163.879,1.001735821
2460163.879,1.002811967
2460163.88,1.004429788
2460163.88,1.00621679
2460163.88,1.007813127
2460163.88,1.009062474
2460163.88,1.009972956
2460163.88,1.010557413
2460163.881,1.010829658
2460163.881,1.010862873
2460163.881,1.010822396
2460163.881,1.010881509
2460163.881,1.011213411
2460163.881,1.011870897
2460163.882,1.012547193
2460163.882,1.01286868
2460163.882,1.012461744
2460163.882,1.011053479
2460163.882,1.008991254
2460163.882,1.006858388
2460163.883,1.005238661
2460163.883,1.004670402
2460163.883,1.00507046
2460163.883,1.005905458
2460163.883,1.006631963
2460163.883,1.006713721
2460163.884,1.005927319
2460163.884,1.00447619
2460163.884,1.002594456
2460163.884,1.000516251
2460163.884,0.9984833423
2460163.884,0.9967578737
2460163.885,0.9956053765
2460163.885,0.995291376
2460163.885,0.9959903636
2460163.885,0.9973783635
2460163.885,0.9989616504
2460163.885,1.000246353
2460163.886,1.00078244
2460163.886,1.000669705
2460163.886,1.000382834
2460163.886,1.000403729
2460163.886,1.00120279
2460163.886,1.002807604
2460163.887,1.004673118
2460163.887,1.006216255
2460163.887,1.006854968
2460163.887,1.006367029
2460163.887,1.005417183
2460163.887,1.004804427
2460163.887,1.005327753
2460163.888,1.007510044
2460163.888,1.01047065
2460163.888,1.012884061
2460163.888,1.013424591
2460163.888,1.010929414
2460163.888,1.006064109
2460163.889,1.000643859
2460163.889,0.9965016486
2460163.889,0.9954207629
2460163.889,0.9976218585
2460163.889,1.001487804
2460163.889,1.005296202
2460163.89,1.007328144
2460163.89,1.006620667
2460163.89,1.00390532
2460163.89,1.000144171
2460163.89,0.9962992954
2460163.89,0.9932264479
2460163.891,0.9912947061
2460163.891,0.9907339079
2460163.891,0.9917738748
2460163.891,0.9945548082
2460163.891,0.9983273931
2460163.891,1.001833394
2460163.892,1.003808616
2460163.892,1.00303714
2460163.892,0.9996469769
2460163.892,0.9952537603
2460163.892,0.9915502965
2460163.892,0.9902238009
2460163.893,0.9920385689
2460163.893,0.9958152498
2460163.893,1.0001285
2460163.893,1.00355297
2460163.893,1.004969687
2460163.893,1.0045638
2460163.894,1.002867429
2460163.894,1.000412702
2460163.894,0.9977188933
2460163.894,0.9951836206
2460163.894,0.993137338
2460163.894,0.9919097785
2460163.895,0.9918211971
2460163.895,0.9929535166
2460163.895,0.9951387912
2460163.895,0.9981972575
2460163.895,1.001917235
2460163.895,1.005396524
2460163.896,1.008206733
2460163.896,1.010235988
2460163.896,1.011372423
2460163.896,1.011504184
2460163.896,1.010519401
2460163.896,1.008306213
2460163.897,1.004752769
2460163.897,0.999969926
2460163.897,0.9947756357
2460163.897,0.9898471803
2460163.897,0.985846466
2460163.897,0.9834139164
2460163.898,0.9827302653
2460163.898,0.983535436
2460163.898,0.9855516083
2460163.898,0.9885001117
2460163.898,0.9920193156
2460163.898,0.9955960367
2460163.899,0.9987009048
2460163.899,1.00080456
2460163.899,1.001529512
2460163.899,1.001049739
2460163.899,0.9996643764
2460163.899,0.9976725701
2460163.9,0.9953869144
2460163.9,0.9932226153
2460163.9,0.9916420813
2460163.9,0.9911079578
2460163.9,0.9920504667
2460163.9,0.9943041333
2460163.901,0.9971810639
2460163.901,0.9999756338
2460163.901,1.001986499
2460163.901,1.002834257
2460163.901,1.002680208
2460163.901,1.001737397
2460163.902,1.000218876
2460163.902,0.9983512594
2460163.902,0.9964072757
2460163.902,0.9946694247
2460163.902,0.9934202086
2460163.902,0.9929141449
2460163.903,0.9932110721
2460163.903,0.9942880713
2460163.903,0.9961219311
2460163.903,0.9986681003
2460163.903,1.001526182
2460163.903,1.004001835
2460163.904,1.005391877
2460163.904,1.005004466
2460163.904,1.002805181
2460163.904,0.9997658716
2460163.904,0.9969434963
2460163.904,0.9953946781
2460163.905,0.9957108432
2460163.905,0.9970944733
2460163.905,0.9984899413
2460163.905,0.9988416219
2460163.905,0.9973252114
2460163.905,0.9945396981
2460163.906,0.9916250028
2460163.906,0.9897220656
2460163.906,0.9898804752
2460163.906,0.9918735208
2460163.906,0.9945365948
2460163.906,0.996683385
2460163.907,0.9971463091
2460163.907,0.9956052469
2460163.907,0.9929155158
2460163.907,0.9900189809
2460163.907,0.987856908
2460163.907,0.9869960123
2460163.908,0.9869901415
2460163.908,0.987223591
2460163.908,0.9870806577
2460163.908,0.9860833028
2460163.908,0.9845209888
2460163.908,0.9829490675
2460163.908,0.9819231361
2460163.909,0.9819485269
2460163.909,0.9828989047
2460163.909,0.9842168494
2460163.909,0.98533661
2460163.909,0.9857035842
2460163.909,0.985177482
2460163.91,0.9841454569
2460163.91,0.9830288558
2460163.91,0.9822486101
2460163.91,0.9820913424
2460163.91,0.9825174865
2460163.91,0.9834389021
2460163.911,0.9847674578
2460163.911,0.9863939072
2460163.911,0.9881054024
2460163.911,0.9896573562
2460163.911,0.9908051867
2460163.911,0.9913248441
2460163.912,0.9912109785
2460163.912,0.9905903125
2460163.912,0.9895913988
2460163.912,0.9883454126
2460163.912,0.9870610107
2460163.912,0.9860352538
2460163.913,0.9855700359
2460163.913,0.9859655624
2460163.913,0.9872174243
2460163.913,0.9886654898
2460163.913,0.9895644954
2460163.913,0.9891691858
2460163.914,0.9870214133
2460163.914,0.9838878323
2460163.914,0.9808616356
2460163.914,0.9790359925
2460163.914,0.9793356015
2460163.914,0.9811715228
2460163.915,0.9831550754
2460163.915,0.9838903179
2460163.915,0.9820511002
2460163.915,0.9778982613
2460163.915,0.9732695575
2460163.915,0.9700705668
2460163.916,0.9701957487
2460163.916,0.9743285688
2460163.916,0.9808686207
2460163.916,0.9879623271
2460163.916,0.9937561755
2460163.916,0.9968229954
2460163.917,0.9973673399
2460163.917,0.9959840062
2460163.917,0.993267776
2460163.917,0.9898221236
2460163.917,0.9863213531
2460163.917,0.9834742873
2460163.918,0.9819900134
2460163.918,0.9825323242
2460163.918,0.9848528785
2460163.918,0.9878578159
2460163.918,0.9904213116
2460163.918,0.9914263222
2460163.919,0.9905153955
2460163.919,0.9886665006
2460163.919,0.9869931861
2460163.919,0.9866089603
2460163.919,0.9881512836
2460163.919,0.9905626247
2460163.92,0.9924083842
2460163.92,0.9922539798
2460163.92,0.9889526602
2460163.92,0.9834929515
2460163.92,0.9778234358
2460163.92,0.9738973385
2460163.921,0.9735587187
2460163.921,0.9767346215
2460163.921,0.9817163398
2460163.921,0.9867426731
2460163.921,0.990066171
2460163.921,0.9908523694
2460163.922,0.9897348679
2460163.922,0.9874799796
2460163.922,0.9848539455
2460163.922,0.9825007559
2460163.922,0.9806794799
2460163.922,0.9795736359
2460163.923,0.9793667341
2460163.923,0.9801594672
2460163.923,0.9815098645
2460163.923,0.9827575088
2460163.923,0.9832413717
2460163.923,0.982351399
2460163.924,0.9802712401
2460163.924,0.9778117813
2460163.924,0.9758010305
2460163.924,0.9750567949
2460163.924,0.975847108
2460163.924,0.9776217204
2460163.925,0.9797637938
2460163.925,0.9816566265
2460163.925,0.9828151603
2460163.925,0.9831386355
2460163.925,0.9825960311
2460163.925,0.9811563201
2460163.926,0.9788520194
2460163.926,0.9761004306
2460163.926,0.9734629158
2460163.926,0.9715011134
2460163.926,0.9707422974
2460163.926,0.9712392088
2460163.927,0.9726985349
2460163.927,0.9748191019
2460163.927,0.9772989327
2460163.927,0.9798011255
2460163.927,0.9819408902
2460163.927,0.9833299808
2460163.928,0.9835805856
2460163.928,0.9825547127
2460163.928,0.9807849499
2460163.928,0.9789152311
2460163.928,0.9775894736
2460163.928,0.9773130876
2460163.928,0.9778191004
2460163.929,0.9785729442
2460163.929,0.9790397854
2460163.929,0.9787280891
2460163.929,0.9776805535
2460163.929,0.9762997891
2460163.929,0.9749951386
2460163.93,0.9741683719
2460163.93,0.973942255
2460163.93,0.9740857735
2460163.93,0.9743451142
2460163.93,0.9744669499
2460163.93,0.9743415823
2460163.931,0.9742028055
2460163.931,0.9743346802
2460163.931,0.9750212677
2460163.931,0.9764325615
2460163.931,0.978169236
2460163.931,0.9796547226
2460163.932,0.9803123797
2460163.932,0.9796435123
2460163.932,0.9779895155
2460163.932,0.9762039864
2460163.932,0.9751478305
2460163.932,0.9756525702
2460163.933,0.9776569717
2460163.933,0.980066603
2460163.933,0.9817293783
2460163.933,0.9814963814
2460163.933,0.9788472118
2460163.933,0.9746444934
2460163.934,0.969935034
2460163.934,0.9657655993
2460163.934,0.9630262967
2460163.934,0.9619072861
2460163.934,0.9624033738
2460163.934,0.964509369
2460163.935,0.9681604403
2460163.935,0.9727209413
2460163.935,0.9772378831
2460163.935,0.9807548255
2460163.935,0.9823487415
2460163.935,0.9819330019
2460163.936,0.980297054
2460163.936,0.9782717069
2460163.936,0.9766790384
2460163.936,0.9758816763
2460163.936,0.9756912382
2460163.936,0.9759054149
2460163.937,0.9763219
